log(100) = 4.60517018598809
sprintf("%.0f", 7.8) = 8
pow(2, 3) = 8
exp(1) = 2.71828182845905
ceil(3.3) = 4
ceil(3.8) = 4
floor(3.3) = 3
floor(3.8) = 3
